0 0.327500 0.007422 0.021875 0.014844
3 0.270195 0.238156 0.085203 0.100562
3 0.496734 0.476875 0.104719 0.166563
3 0.791453 0.019297 0.026781 0.038594
0 0.692187 0.519297 0.142812 0.143281
0 0.700156 0.778094 0.167813 0.218937
0 0.202500 0.199844 0.074375 0.077187
0 0.471250 0.359445 0.101875 0.088891
0 0.581289 0.108227 0.034516 0.049859
0 0.576812 0.077547 0.025562 0.031969
0 0.619641 0.157453 0.042188 0.053687
0 0.606328 0.043852 0.022031 0.043859
0 0.641273 0.110891 0.034328 0.047094
0 0.659375 0.132609 0.036875 0.052594
0 0.687219 0.169297 0.054625 0.064531
0 0.678672 0.198594 0.047656 0.045625
0 0.750055 0.209875 0.067766 0.056250
0 0.816797 0.262031 0.082656 0.061875
0 0.917641 0.334609 0.103781 0.108906
0 0.982109 0.390781 0.035781 0.085656
0 0.986953 0.475531 0.026094 0.129875
1 0.454820 0.222578 0.162141 0.215469
2 0.145297 0.125937 0.182781 0.128125
2 0.569258 0.033766 0.036797 0.067531
3 0.290422 0.178672 0.071969 0.077344
0 0.767891 0.014063 0.025781 0.028125
2 0.757773 0.355078 0.374297 0.358563
0 0.045891 0.135258 0.026656 0.052703
0 0.985859 0.941211 0.028281 0.117578
0 0.336797 0.327539 0.078594 0.103672
0 0.480875 0.087109 0.032688 0.048281
0 0.613680 0.067320 0.025141 0.037078
