2 0.038820 0.225547 0.077641 0.154625
0 0.582711 0.183461 0.086453 0.055797
0 0.689688 0.206586 0.106562 0.073328
0 0.268695 0.915781 0.293859 0.168437
0 0.683281 0.907109 0.313125 0.185781
0 0.039688 0.923203 0.079375 0.153594
0 0.954680 0.925078 0.090641 0.149844
0 0.470437 0.228906 0.097875 0.070156
0 0.577742 0.290703 0.117984 0.085469
0 0.584203 0.240859 0.099000 0.059000
0 0.969031 0.274344 0.061937 0.059000
0 0.969031 0.312609 0.061937 0.074938
0 0.017188 0.331602 0.034375 0.087422
0 0.267188 0.087805 0.032188 0.043047
0 0.295398 0.088602 0.025797 0.038266
0 0.303516 0.057516 0.019125 0.023906
0 0.322648 0.067883 0.019141 0.041453
0 0.342578 0.047148 0.030281 0.028703
0 0.614414 0.017656 0.022328 0.020719
0 0.611227 0.035992 0.022328 0.019141
0 0.619195 0.046352 0.025516 0.023922
0 0.640719 0.043164 0.020719 0.036672
0 0.639922 0.012070 0.022312 0.022328
0 0.823273 0.048742 0.025516 0.028703
0 0.849578 0.055914 0.030281 0.039859
0 0.887844 0.047148 0.030281 0.041453
0 0.563398 0.043164 0.015953 0.017547
0 0.566586 0.023234 0.012766 0.019125
0 0.542750 0.039180 0.016094 0.019141
0 0.508469 0.033594 0.017687 0.014344
0 0.513969 0.018453 0.015938 0.015938
0 0.530711 0.018453 0.014359 0.019125
0 0.524336 0.047945 0.020734 0.023922
0 0.350633 0.077445 0.027266 0.044641
0 0.549047 0.010023 0.031875 0.020047
2 0.808922 0.013672 0.028688 0.022313
1 0.597586 0.651078 0.314703 0.242188
0 0.325977 0.226914 0.110828 0.075266
0 0.377289 0.201602 0.071141 0.051984
1 0.741359 0.276172 0.163969 0.127250
1 0.367711 0.033992 0.032828 0.039672
2 0.118000 0.150977 0.154625 0.164203
2 0.945883 0.061805 0.108234 0.123609
2 0.261664 0.055203 0.086203 0.076625
2 0.315031 0.022812 0.069781 0.045625
3 0.844555 0.248813 0.140922 0.160094
3 0.214461 0.102406 0.041047 0.061562
2 0.670781 0.043562 0.031469 0.045156
0 0.172891 0.175391 0.047344 0.054219
0 0.133750 0.231328 0.055625 0.069844
0 0.431648 0.253617 0.097672 0.068547
0 0.931797 0.121406 0.051406 0.047187
3 0.041961 0.348633 0.082328 0.114609
