0 0.240539 0.164062 0.036672 0.028750
0 0.704297 0.389414 0.071094 0.078672
0 0.642008 0.265703 0.048797 0.049531
0 0.469766 0.386563 0.052969 0.075625
0 0.515625 0.218539 0.030000 0.039859
0 0.566953 0.215352 0.028594 0.036672
0 0.535469 0.073359 0.012188 0.017969
0 0.544375 0.063125 0.010000 0.013125
0 0.571469 0.063750 0.015750 0.015313
0 0.284383 0.281891 0.044641 0.054969
0 0.246914 0.257625 0.030297 0.047875
0 0.421500 0.187336 0.022312 0.035297
0 0.439531 0.127664 0.015937 0.023922
0 0.406953 0.157109 0.027344 0.036094
0 0.460930 0.082500 0.011891 0.012812
0 0.490852 0.054141 0.023922 0.013281
0 0.443125 0.082438 0.014688 0.016375
0 0.929375 0.325547 0.057813 0.067031
1 0.444375 0.577258 0.098750 0.275797
0 0.608039 0.208977 0.035078 0.046234
0 0.474906 0.073453 0.014344 0.017531
0 0.923672 0.463594 0.080469 0.095937
0 0.940859 0.899922 0.118281 0.200156
0 0.976203 0.414641 0.047594 0.074938
0 0.959766 0.261953 0.046719 0.055781
2 0.164016 0.837656 0.317281 0.324688
0 0.489219 0.323125 0.042188 0.065312
0 0.568047 0.182266 0.025156 0.035781
0 0.266055 0.154922 0.023922 0.033281
0 0.993742 0.272266 0.012516 0.048906
